0     187937
1     187968
2     187993
3     188032
4     188100
5     188117
6     188188
7     188219
8     188261
9     188303
10    188349
11    188381
12    188427
13    188467
14    188508
15    188532
16    188621
17    188691
18    188760
19    188828
Name: usage, dtype: int64
0      NaN
1     31.0
2     25.0
3     39.0
4     68.0
5     17.0
6     71.0
7     31.0
8     42.0
9     42.0
10    46.0
11    32.0
12    46.0
13    40.0
14    41.0
15    24.0
16    89.0
17    70.0
18    69.0
19    68.0
Name: usage, dtype: float64
